0.666666666667
0.524691358025
0.4875
0.481707317073
0.657303370787
0.676100628931
0.988888888889
0.949332105021
0.937527889335
0.994755244755
0.950216450216
0.997052631579
0.992030201342
0.997509339975
0.992152003304
0.995899959
0.964791582355
0.836611802489
0.990869392616
0.993685872139
0.94637964775
0.980597594102
0.941940412529
0.937145020825
0.987332339791
0.952567760342
0.608980077312
0.793760831889
0.551558073654
0.901161059839
0.987582781457
0.930226219678
0.930018913807
0.980413200966
0.939442231076
0.992904073587
0.756148613291
0.920881971466
0.938386182006
0.926447975397
0.933656545037
0.810296728379
0.645665322581
0.991489361702
0.699900049975
0.939572586588
0.76964504284
0.794979079498
0.507778317939
0.997585124366
0.788238141336
0.993055555556
0.54621447337
0.754098360656
0.970443349754
0.993718008376
0.996544574983
0.993575034419
0.990162434226
0.940250855188
0.990974729242
0.990647962592
0.982896490449
0.945676274945
0.929485739951
0.846901854365
0.62041392286
0.851825677267
0.993394668554
0.956341410172
0.846204046117
0.622006472492
0.964017076642
0.989253852393
0.985422150233
0.82746763754
0.411978955888
0.984232868405
0.885633461305
0.934353604511
0.981291490646
0.891238670695
0.936427850656
0.913253984265
0.870486181158
0.981242436466
0.947834843907
0.99014084507
0.967156961515
0.793746241732
0.558646917534
0.90727017825
0.80870262683
0.957915831663
0.492895737442
0.6454
0.717512994802
0.467332667333
0.860642781876
0.991611743559
0.621805111821
0.790219560878
0.961515453639
0.546996607464
0.930807577268
0.979461615155
0.571229050279
0.539796529025
0.382035928144
0.36023976024
0.614939085281
0.701617735171
0.485463958582
0.483116883117
0.605073911306
0.884707766213
0.95900819836
0.702442931518
0.987197439488
0.835865653739
0.991405156906
0.695774647887
0.907037709216
0.478881737731
0.398993963783
0.36658605401
0.437841115828
0.489804159095
0.957030461973
0.994177875929
0.991
0.967118373854
0.485080645161
0.414245359161
0.481429431841
0.494077494479
0.520008043435
0.74131351677
0.647483456988
0.969132090599
0.988232947746
0.991032283778
0.943227091633
0.842953821656
0.954491255962
0.863934752337
0.622667725288
0.48245092207
0.935547647291
0.978235061338
0.697646826182
0.444724674233
0.441896024465
0.824503311258
0.615894039735
0.460264900662
0.390728476821
0.655629139073
0.387417218543
0.433774834437
0.402640264026
0.353135313531
0.574257425743
0.35761589404
0.91059602649
0.996699669967
1.0
0.983498349835
0.993399339934
0.993399339934
0.676567656766
0.930463576159
0.354304635762
0.518272425249
0.478405315615
0.475247524752
0.366336633663
0.666666666667
0.376237623762
0.346534653465
0.508250825083
0.496688741722
0.3773510196
0.98792557403
0.983353151011
0.98750495835
0.904621228107
0.414935064935
0.797558922559
0.881149153876
0.694378463975
0.621269025499
0.415843540103
0.335965258587
0.423274161736
0.576809307829
0.965340685309
0.965938176806
0.653482880756
0.810433070866
0.632159023814
0.847714736013
0.716141732283
0.624581445736
0.536037810161
0.803705163579
0.809730155604
0.902342980902
0.584775767113
0.727362398895
0.578386905936
0.383750739499
0.995861253449
0.991134751773
0.686158692656
0.994680851064
0.961386918834
0.711189913318
0.953667192429
0.678888231815
0.985410094637
0.941663381947
0.937549251379
0.991136497932
0.975187081528
0.783773139031
0.754676117346
0.551241623965
0.951930654058
0.965299684543
0.972818593658
0.976954894623
0.979314420804
0.470391501082
0.838709677419
0.979728399921
0.959376848748
0.564754583087
0.563188976378
0.958054352107
0.974202441906
0.993098008282
0.927290640394
0.940145697972
0.945940594059
0.739474204388
0.982813117345
0.491231527094
0.84272763106
0.588724035608
0.928726984755
0.997834219335
0.683516915814
0.569502280389
0.591395717684
0.724886520624
0.988399528116
0.988783943329
0.861111111111
0.74945834154
0.394052776684
0.987209759937
0.71158392435
0.537310494192
0.795749704841
0.985632749459
0.957476265823
0.973918197985
0.952992297057
0.985009861933
0.98342214328
0.833596214511
0.53697495563
0.673368815297
0.933254577673
0.691974822974
0.504033051348
0.99173553719
0.39204880929
0.750590086546
0.853994490358
0.91098857818
0.928304116604
0.891184573003
0.963997639189
0.625836943679
0.817877534948
0.986422668241
0.938880126183
0.53257007501
0.962342271293
0.969476171721
0.996062216972
0.993104806935
0.959629775502
0.908123028391
0.994484932046
0.818109134519
0.985821189445
0.942750344285
0.871532559512
0.96348203711
0.523244312562
0.940921622686
0.985435937808
0.812684656293
0.725590551181
0.941755214482
0.927516249754
0.859732072498
0.960570636021
0.98161692034
0.986917740337
0.977412324153
0.981404549951
0.981236421094
0.991096161456
0.958695652174
0.84183471728
0.926458990536
0.986007094994
0.987776025237
0.888055281343
0.974718546316
0.996053670087
0.986007094994
0.943366336634
0.850375049349
0.53073286052
0.666009852217
0.761173459342
0.992713666798
0.949546708711
0.984039408867
0.919408866995
0.506104765656
0.896497441952
0.993695823483
0.63684729064
0.567567567568
0.517962889854
0.995655608215
0.985807214666
0.983619498717
0.993304450571
0.987000196967
0.872981488775
0.742660098522
0.671859593768
0.981035163967
0.659704433498
0.948490230906
0.982677165354
0.684522632931
0.74175715696
0.866401590457
0.967309964553
0.994291338583
0.996259106123
0.517924341454
0.562462878638
0.63702681388
0.880244238724
0.965408183435
0.925896728419
0.441315478535
0.985996055227
0.655369458128
0.803113914072
0.921850393701
0.924684542587
0.932440417569
0.906317654005
0.988188976378
0.988200589971
0.991930722299
0.4564124057
0.536237955593
0.540478187919
0.990111508521
0.993080310338
0.526834381551
0.968887954593
0.985962706893
0.822431865828
0.909090909091
0.814354872658
0.672268907563
0.746894082965
0.854391534392
0.811895754519
0.685367385388
0.913243922883
0.943801304988
0.676050420168
0.807514693535
0.737605042017
0.986582809224
0.987641390867
0.982610517494
0.987410826689
0.990155006284
0.548713622944
0.529983108108
0.46993505133
0.975585745225
0.982696897375
0.583694367861
0.972419227738
0.517758484609
0.429388560158
0.450039494471
0.299742625223
0.376561570494
0.760882528324
0.78934769599
0.845238095238
0.956390977444
0.600300364729
0.797752808989
0.991344732953
0.509868421053
0.878289473684
0.950657894737
0.911184210526
0.789473684211
0.50495049505
0.805921052632
0.885864978903
0.9957814807
0.949463044852
0.81520119225
0.744980777446
0.876086956522
0.956217162872
0.919224555735
0.782755874154
0.752380952381
0.407782410165
0.331419520887
0.454778830964
0.419526627219
0.756609315988
0.990676453085
0.620162730701
0.425174825175
0.981286084014
0.994884910486
0.972653944521
0.731390311146
0.393568751233
0.620465299685
0.886018536778
1.0
0.924852071006
0.972233162662
0.960204885737
0.924670433145
0.991535433071
0.994087504927
0.811896789443
0.908589440504
0.425808997632
0.812907045589
0.973949082297
0.995658180383
0.995066114071
0.979507389163
0.997829946735
0.988181997242
0.968780873345
0.978698224852
0.932464454976
0.977909270217
0.967944936087
0.936933385889
0.975237717908
0.994257425743
0.992312241277
0.99527652037
0.987401574803
0.970066955494
0.992319810949
0.808108640031
0.985042314505
0.985968379447
0.795741324921
0.430065101598
0.830675329789
0.796773558922
0.91361929235
0.619151036525
0.398418972332
0.775719353567
0.984830575256
0.551112861926
0.978136694899
0.936526710034
0.915417981073
0.975
0.934765471029
0.98109491926
0.492710795902
0.778259157148
0.561527859815
0.973829201102
0.940759692974
0.913137679732
0.923878835563
0.590102523659
0.988385826772
0.729814887751
0.990161353798
0.580822996653
0.991535433071
0.974581280788
0.982065431612
0.989361702128
0.760197044335
0.768578750246
0.993693338589
0.989164696612
0.981983765591
0.991127760252
0.982867270579
0.56010230179
0.970837438424
0.462704192088
0.642237982664
0.712061489949
0.970739422697
0.770640394089
0.986787615855
0.960443037975
0.887221015208
0.780449349626
0.921649891455
0.96354679803
0.433589895402
0.498324462842
0.477747144545
0.374728957225
0.425750394945
0.643124876702
0.855141109138
0.871698856918
0.956779159266
0.91825881426
0.707865168539
0.389556650246
0.663309636651
0.367108648328
0.522435263886
0.907832278481
0.959248269041
0.759131293189
0.955327139751
0.984618418458
0.990348631081
0.506498621505
0.645053212456
0.662460567823
0.60808678501
0.304562512344
0.406893819334
0.707196520364
0.958523516571
0.979170839175
0.94656336909
0.617548029313
0.983244628425
0.963607594937
0.958407605466
0.597035573123
0.372653625766
0.307069510269
0.635556432518
0.678754434371
0.564874975389
0.653217870498
0.428293736501
0.679106051023
0.862109838009
0.888888888889
0.398657983027
0.509482418017
0.582395895007
0.39636794315
0.726770566187
0.905775675143
0.53865877712
0.994069974303
0.983194938711
0.891780011827
0.801342812006
0.345986555951
0.32452681388
0.361324659965
0.511036657469
0.395545920378
0.955511811024
0.991538764266
0.510365251728
0.989533965245
0.931374482351
0.891806515301
0.648707321887
0.360963094533
0.494479495268
0.490826593016
0.717417061611
0.498911968348
0.868290750644
0.928486529319
0.747969090549
0.9128113879
0.971694378464
0.326169154229
0.46974522293
0.552720749452
0.705212702217
0.5068
0.903404592241
0.991493570722
0.932819600869
0.993285939968
0.815815421021
0.855221518987
0.712702809656
0.707722772277
0.411064842356
0.582772277228
0.929207039747
0.878015025702
0.994469682007
0.876209279368
0.993483412322
0.936806656101
0.683909180652
0.891523414345
0.981195566112
0.983030781373
0.890865954923
0.88864800946
0.97378793851
0.991113744076
0.994057052298
0.734823017599
0.90228977497
0.797198658513
0.884349713835
0.824377716318
0.907069102462
0.99526159921
0.845379146919
0.906466284358
0.895911514912
0.563985736926
0.401986097319
0.711824123589
0.727038286054
0.811137534681
0.665744764915
0.990716966226
0.989115377004
0.92646768136
0.855676209279
0.842094900571
0.929696730996
0.980454096742
0.522861647615
0.648382004736
0.773625939106
0.783580613254
0.983000593003
0.941851265823
0.986539984165
0.955256384874
0.991501976285
0.847471127041
0.953025477707
0.983184965381
0.665219107777
0.679207920792
0.696933728981
0.626732673267
0.470762544449
0.341048466864
0.959280490215
0.92091735864
0.792004749654
0.90093681483
0.383452665076
0.614973262032
0.47414305528
0.470650115716
0.831683168317
0.613861386139
0.549668874172
0.664409480183
0.894008305319
0.928740623766
0.992706485314
0.993099369085
0.995466193574
0.796915167095
0.865164096481
0.992507886435
0.792325949367
0.982424960506
0.807104584243
0.808565225972
0.597748815166
0.46449704142
0.955665024631
0.980860299921
0.991335171327
0.959448818898
0.933438672724
0.978428656244
0.913472935599
0.641714398578
0.670027678924
0.97098875074
0.987146529563
0.989082969432
0.75764149083
0.976725838264
0.893159865957
0.981225296443
0.621146245059
0.986917740337
0.966218885816
0.861994076999
0.639675311819
0.975908372828
0.983804068734
0.988339920949
0.990295107942
0.989546351085
0.995859621451
0.985163204748
0.995464405443
0.944389666732
0.984408920466
0.993287265548
0.980761602539
0.971037492561
0.638977002379
0.855309909199
0.977830562154
0.995464405443
0.994673505622
0.977465902352
0.993492407809
0.981150793651
0.968984591071
0.66382725832
0.642588561251
0.904139433551
0.982213438735
0.661016949153
0.820351015579
0.992115119259
0.980875394322
0.987686196624
0.985790408526
0.974916057673
0.922347362181
0.873520126283
0.990122481233
0.975301323849
0.365776458952
0.37149070779
0.488730723606
0.708645874457
0.909899229401
0.958958168903
0.726143533123
0.892249901147
0.587235724165
0.818829113924
0.812624057166
0.861685214626
0.462104634971
0.727146263911
0.840565286624
0.49043443603
0.546408726075
0.309210526316
0.354304635762
0.354304635762
0.755775577558
0.691029900332
0.524752475248
0.68438538206
0.897689768977
0.343234323432
0.338870431894
0.326732673267
0.435550082102
0.421251241311
0.719698472525
0.679413512978
0.387475149105
0.906094897757
0.825638993461
0.857763729751
0.562265640418
0.870611439842
0.802714398112
0.359196534069
0.933845245127
0.967219589258
0.731133939154
0.66785079929
0.967990515708
0.989962605786
0.771546635183
0.820680110716
0.903626330311
0.538582677165
0.692566231712
0.950167421706
0.980871622954
0.991522082019
0.926974074807
0.714934808376
0.484890381197
0.36942800789
0.369492195218
0.970061059681
0.981262327416
0.757599684169
0.988956813252
0.958250890384
0.987012987013
0.993705743509
0.94898562143
0.988770685579
0.849037889308
0.993299172251
0.906151419558
0.991916403785
0.986987381703
0.912657728707
0.967850098619
0.619320426709
0.474817301995
0.918806795733
0.9930925597
0.99645320197
0.989956675857
0.988151658768
0.936300692384
0.640538400633
0.387932739862
0.98303412902
0.57756232687
0.988170347003
0.991914809702
0.99015554243
0.986116620389
0.987977926685
0.914533280819
0.98877510831
0.992499013028
0.981645944346
0.942524195141
0.939854072175
0.990733438486
0.994087504927
0.993083003953
0.934619929106
0.994682946042
0.903448275862
0.990742564507
0.996056004733
0.996031746032
0.992911990549
0.954688731284
0.73417471899
0.85897183376
0.838785967678
0.950768018905
0.858577900335
0.989548412542
0.697318007663
0.975201731943
0.997046662729
0.987401574803
0.992112009466
0.940607734807
0.91062992126
0.808359621451
0.992703608756
0.792817679558
0.995068060761
0.971254183894
0.976767080134
0.834549398541
0.823089046493
0.852581789515
0.968694624926
0.981868348443
0.898719211823
0.944510268562
0.983451536643
0.857536945813
0.987763962897
0.901516643687
0.993700787402
0.990937746257
0.996453900709
0.970449172577
0.879534700315
0.986982248521
0.97849674492
0.487867429473
0.855535820012
0.75226467113
0.6361664366
0.983077528532
0.878442171518
0.894881889764
0.982202887087
0.929911154985
0.830080820028
0.768047337278
0.859590389917
0.97098875074
0.981277098936
0.945386435331
0.984827586207
0.992122883025
0.922515772871
0.982051282051
0.988974207521
0.984042553191
0.41124260355
0.736582478295
0.841088328076
0.624186230026
0.713806043848
0.985046335299
0.892255892256
0.941188825877
0.989480328214
0.774805140088
0.843563512361
0.86481912418
0.423855165069
0.400884769328
0.839073129252
0.634868421053
0.986842105263
0.980198019802
0.990099009901
0.640264026403
0.927631578947
0.825082508251
0.710526315789
0.759868421053
0.387417218543
0.907590759076
0.993399339934
0.996699669967
0.947194719472
0.630363036304
0.802631578947
0.914473684211
0.615131578947
0.990131578947
0.914473684211
0.779605263158
0.585526315789
0.740131578947
0.960526315789
0.694078947368
0.996710526316
0.651315789474
0.996710526316
0.641447368421
0.542763157895
0.703947368421
0.910891089109
0.993399339934
0.585526315789
0.914473684211
0.703947368421
0.434210526316
0.891447368421
0.996710526316
0.723684210526
0.345394736842
0.580858085809
0.838283828383
0.901315789474
0.640264026403
0.990099009901
0.993421052632
0.772673031026
0.987792872613
0.989179618336
0.959494171112
0.957593688363
0.97953158827
0.584645669291
0.983858267717
0.992322834646
0.998819362456
0.99685101358
0.960676366496
0.996453900709
0.988781735879
0.692641546656
0.883060540327
0.983080857761
0.974207521166
0.971062992126
0.984648691203
0.974409448819
0.995078740157
0.994100294985
0.992512315271
0.933517459065
0.987187068796
0.972567594237
0.993102089082
0.99054745963
0.955844667849
0.634088669951
0.908034659315
0.967474866943
0.984630541872
0.972823946436
0.98859166011
0.929316794645
0.632138637259
0.938164631745
0.983090837593
0.982857142857
0.782445759369
0.759858044164
0.888494178015
0.895878524946
0.991523753203
0.982065431612
0.981463222244
0.995672698662
0.976387249115
0.995672698662
0.892758211318
0.881459566075
0.744273301738
0.776572668113
0.689580460902
0.991906829846
0.989552533018
0.991916403785
0.988950276243
0.984033116499
0.950157604413
0.989571035026
0.986231313926
0.870301121826
0.93093270366
0.991321499014
0.99170452301
0.992717968904
0.972238629652
0.516427306709
0.775919732441
0.541592920354
0.66889632107
0.622541306058
0.383280757098
0.674285714286
0.631079478055
0.758900316456
0.931198102017
0.994255150555
0.957493080269
0.739482520245
0.969802555168
0.748132586368
0.973937544024
0.465623396614
0.942923553719
0.625869621232
0.54013319313
0.53475177305
0.633419689119
0.942055112027
0.786500366838
0.978419071518
0.469397951536
0.966177567769
0.984721537703
0.944565002959
0.889724806969
0.816241849437
0.614975369458
0.45130126183
0.397713835238
0.77528532074
0.659645669291
0.814909520063
0.989562820008
0.98679542767
0.864075754587
0.981408227848
0.97592738753
0.927499012248
0.575079239303
0.621536025337
0.449255213505
0.885013949781
0.630831643002
0.502366863905
0.938537549407
0.957337546909
0.380432625521
0.544589774078
0.544431279621
0.936871177747
0.984036263303
0.989149733675
0.987766377269
0.995866141732
0.995866141732
0.987406532861
0.99447404776
0.987376725838
0.722943722944
0.964363063595
0.841307343965
0.978937007874
0.990953785644
0.927855317476
0.695078740157
0.945132743363
0.993121069182
0.933582972014
0.994291338583
0.926027936258
0.959677419355
0.981879062438
0.894011032309
0.694428037015
0.996852252607
0.991535433071
0.7323361543
0.63629206849
0.881809242871
0.974051503833
0.889787066246
0.98482459598
0.668376405603
0.949763593381
0.956067769898
0.791306058222
0.921955065037
0.916732283465
0.994683992912
0.645078740157
0.830181245075
0.471783741121
0.801026450849
0.725303120652
0.413314840499
0.989568982484
0.998033431662
0.993494973389
0.975393700787
0.796613506596
0.857171000788
0.988575930668
0.987980295567
0.947244094488
0.896280259791
0.977362204724
0.861811023622
0.85522946622
0.816857030327
0.822729958637
0.977528089888
0.967264839282
0.996655518395
0.995872641509
0.987608182533
0.984863377236
0.992121331495
0.925714285714
0.507286333202
0.464672308601
0.611660079051
0.662448091754
0.781456953642
0.96699669967
0.987005316007
0.995864513588
0.621456692913
0.641535433071
0.89592760181
0.713178294574
0.993305768852
0.341732283465
0.433995671847
0.93953953954
0.975985591355
0.397451214656
0.969294770206
0.478243670886
0.326272025342
0.644470868014
0.648600357356
0.99185376515
0.668981940861
0.706664022213
0.994459833795
0.68736361833
0.69126984127
0.412698412698
0.716887745001
0.696495743417
0.884402216944
0.980551696765
0.926307448494
0.294374009509
0.940828402367
0.994476228053
0.883024812918
0.987187068796
0.574517212427
0.797391121397
0.585427135678
0.435216894977
0.993421052632
1.0
0.960526315789
0.792763157895
0.660572337043
0.599644830308
0.474713551956
0.562955665025
0.668111089226
0.970072848986
0.624655376132
0.799212598425
0.985421591805
0.98485146567
0.996261314443
0.860996259106
0.936639118457
0.836875245966
0.980720047216
0.997442455243
0.966887417219
0.789587852495
0.984233346472
0.332347723241
0.728706624606
0.924822415154
0.578729281768
0.946735056224
0.995269071555
0.996455995275
0.851516345018
0.994089834515
0.993895234344
0.889217425586
0.835862068966
0.969236836916
0.972304648863
0.560917721519
0.913129318855
0.730071033938
0.325581395349
0.96648925685
0.795490506329
0.963696369637
0.992910594722
0.996064541519
0.986223184413
0.949035812672
0.486124778587
0.552362204724
0.995082612116
0.988584924228
0.997437918802
0.798188619807
0.996064541519
0.805002954501
0.907462098838
0.926137482765
0.994686085416
0.993898838811
0.998621233012
0.998030720756
0.995070977918
0.986012608353
0.855200945626
0.921804215088
0.961371698857
0.80315270936
0.665090622537
0.60315270936
0.773246650906
0.985818396691
0.984433497537
0.995862068966
0.93159865957
0.829686575991
0.438845401174
0.961773399015
0.658522167488
0.772099447514
0.576733162157
0.648418972332
0.820624259186
0.960726268009
0.935808809007
0.951683168317
0.979187314172
0.998418034408
0.994271685761
0.995840760547
0.9924692826
0.904582424122
0.872120730739
0.994019138756
0.985405837665
0.912722188935
0.981215027978
0.854719616843
0.874424193871
0.960752903484
0.851375778269
0.868537074148
0.738219895288
0.930895130329
0.987421383648
0.988679245283
0.997683235046
0.833545108005
0.991979738286
0.996835443038
0.904158750264
0.99367222105
0.982056153684
0.991966173362
0.962978906586
0.990036820446
0.996076721883
0.997367266345
0.988061021446
0.994864925207
0.996188340807
0.999314285714
0.98422787194
0.650990752972
0.581494283435
0.75166711123
0.940987983979
0.971657754011
0.575408518618
0.826133619533
0.51864770593
0.524130493394
0.995154777927
0.952817471016
0.686332882273
0.498094719652
0.819792802617
0.786513786514
0.4
0.424167354803
0.523182441701
0.481623697202
0.708641975309
0.872767243748
0.848017621145
0.502205071665
0.886156396795
0.996682333425
0.973829601628
0.917835109366
0.592059838895
0.713201820941
0.676543209877
0.510764430577
0.785930663076
0.407645722937
0.431990881459
0.775138558987
0.657108239095
0.963257575758
0.788860103627
0.841036717063
0.42551405791
0.70165044435
0.822188449848
0.493455960382
0.459430604982
0.724446032881
0.477842665751
0.886386898669
0.392954856361
0.991778006166
0.601516718373
0.898747390397
0.888615600843
0.806874557052
0.475205137353
0.373689916877
0.732332478945
0.40029487652
0.534074074074
0.476545048399
0.546546546547
0.669175762138
0.801584307808
0.738257575758
0.995440729483
0.530157510565
0.810842896715
0.878087649402
0.981882630957
0.951151707705
0.778276847693
0.640398175031
0.681542461005
0.998541565386
0.9979989995
0.996446700508
0.998463114754
0.990629880271
0.989373007439
0.997848305541
0.997239094423
0.998901098901
0.998340707965
0.998329621381
0.996065205171
0.998299319728
0.997139588101
0.997098084736
0.994733762434
0.518542615485
0.983006535948
0.949221394719
0.951573849879
0.998675496689
0.988472622478
0.514644351464
0.515418502203
0.890350877193
0.993362831858
0.997767857143
0.997732426304
0.49885583524
0.5
0.983213429257
0.990291262136
0.79802955665
0.949874686717
0.969696969697
0.900510204082
0.984654731458
0.984415584416
0.997375328084
1.0
0.925824175824
0.931428571429
0.982708933718
0.982352941176
0.991044776119
0.988023952096
0.993690851735
0.987261146497
1.0
0.995983935743
0.776699029126
0.907692307692
1.0
